i = 1: 1.0X_2^1 + -0.5X_1^1 + 0.5X_1^2
i = 2: -1.0X_4^1 + -1.0X_3^1 + 0.5X_2^1 + -0.0833333333332X_1^1 + -0.5X_2^2 + -0.5X_1^1X_2^1 + 0.375X_1^2 + 0.5X_1^2X_2^1 + -0.416666666667X_1^3 + 0.125X_1^4
i = 3: 1.0X_6^1 + -1.5X_3^1 + -1.33333333332X_2^1 + 1.5X_3^2 + -0.999999999998X_2^1X_4^1 + -0.999999999999X_2^1X_3^1 + 2.16666666666X_2^2 + 0.499999999997X_1^1X_4^1 + 1.83333333334X_1^1X_3^1 + -0.333333333341X_1^1X_2^1 + 0.125000000001X_1^2 + -0.833333333333X_2^3 + 0.250000000002X_1^1X_2^2 + -0.499999999999X_1^2X_4^1 + -0.5X_1^2X_3^1 + 0.625000000001X_1^2X_2^1 + -0.354166666667X_1^3 + -0.25X_1^2X_2^2 + -0.416666666667X_1^3X_2^1 + 0.354166666667X_1^4 + 0.125X_1^4X_2^1 + -0.145833333333X_1^5 + 0.0208333333333X_1^6
