i = 2: -1.0X_3^1 + -0.333333333333X_1^1 + 0.5X_2^2 + 0.5X_1^1X_2^1 + 0.625X_1^2 + 0.5X_1^2X_2^1 + -0.416666666667X_1^3 + 0.125X_1^4
i = 3: -0.999999999995X_3^1 + -1.66666666666X_2^1 + 0.166666666658X_1^1 + -0.666666666671X_2^1X_4^1 + -1.0X_2^1X_3^1 + 2.0X_2^2 + 0.333333333337X_1^1X_4^1 + 0.833333333334X_1^1X_3^1 + -0.333333333329X_1^1X_2^1 + -0.5X_2^3 + 0.416666666666X_1^1X_2^2 + -0.333333333333X_1^2X_4^1 + -0.5X_1^2X_3^1 + 0.458333333332X_1^2X_2^1 + -0.4375X_1^3 + -0.0833333333333X_1^2X_2^2 + -0.25X_1^3X_2^1 + 0.395833333333X_1^4 + 0.125X_1^4X_2^1 + -0.145833333333X_1^5 + 0.0208333333333X_1^6

